e = 1.602*10^-19
%% I.11
c = 3.7*10^10;
t = 15*60*60;
Es = 5.53*10^6;
E = c*t*Es*e/log(2)