M_h1 = 1.007825;
c = 2.997924e8;
ev_adj = 931.502;
h = 6.626*10^-34;
R = 1.0974*10^7;
a0 = 5.292*10^-11;
alpha = 1/137;
me = 5.485803*10^-4;
mp = 1.00727647;
mn = 1.00866501;
mhe = 4.002603;
eps = 8.85*10^-12;
e = 1.602*10^-19;
NA = 6.022045e23;