%% SL26
p = 1/2 - 1/16

%% SL29
r1r2 = 5/25e-3
132-108
90/18
120/24

%% 4.18
Fx = (125*100-0.5*100^2)/450 - (125*95-0.5*95^2)/450
S8 = Fx^8

%% SL40
Fx = 10^-4*100*(-exp(-1.50)*150-100*(exp(-1.50)-1))
S3 = Fx^3

invFx = 1-Fx
invS3 = invFx^3

%% 5.1
E = 0.03*5+0.005*20+0.001*100
D = sqrt(0.03*5^2+0.005*20^2+0.001*100^2 - E^2)
En = E/1.25
Dn = D/(1.25^2)

%% 5.12
3 - 9/4

